4294967294,1540
4294967278,381
4294967279,275
4294967294,1539
4294967294,1538
4294967278,380
4294967293,131
4294967293,130
4294967293,129
4294967293,128
4294967293,127
4294967293,126
4294967293,125
4294967293,124
4294967293,123
4294967293,122
4294967293,121
4294967293,120
4294967293,119
4294967293,118
4294967293,117
4294967293,116
4294967293,115
4294967293,114
4294967293,113
4294967293,112
4294967293,111
4294967293,110
4294967293,109
4294967293,108
4294967293,107
4294967293,106
4294967293,105
4294967293,104
4294967293,103
4294967293,102
4294967293,101
4294967293,100
4294967293,99
4294967293,98
4294967293,97
4294967293,96
4294967293,95
4294967293,94
4294967293,93
4294967293,92
4294967293,91
4294967293,90
4294967293,89
4294967293,88
4294967293,87
4294967293,86
4294967293,85
4294967293,84
4294967293,83
4294967293,82
4294967293,81
4294967293,80
4294967293,79
4294967293,78
4294967293,77
4294967293,76
4294967293,75
4294967293,74
4294967293,73
4294967293,72
4294967293,71
4294967293,70
4294967293,69
4294967293,68
4294967293,67
4294967293,66
4294967293,65
4294967293,64
4294967293,63
4294967293,62
4294967293,61
4294967293,60
4294967293,59
4294967293,58
4294967293,57
4294967293,56
4294967293,55
4294967293,54
4294967293,53
4294967293,52
4294967293,51
4294967293,50
4294967293,49
4294967293,48
4294967293,47
4294967293,46
4294967293,45
4294967293,44
4294967293,43
4294967293,42
4294967293,41
4294967293,40
4294967293,39
4294967293,38
4294967293,37
4294967293,36
4294967293,35
4294967293,34
4294967293,33
4294967293,32
4294967293,31
4294967293,30
4294967293,29
4294967293,28
4294967293,27
4294967293,26
4294967293,25
4294967293,24
4294967293,23
4294967293,22
4294967293,21
4294967293,20
4294967293,19
4294967293,18
4294967293,17
4294967293,16
4294967293,15
4294967293,14
4294967293,13
4294967293,12
4294967293,11
4294967293,10
4294967293,9
4294967293,8
4294967293,7
4294967293,6
4294967293,5
4294967293,4
4294967293,3
4294967293,2
4243767290,0
4243767289,0
4243767288,0
4243767287,0
4243767286,0
4243767285,0
4243767284,0
4243767283,0
4243767282,0
4243767281,0
4294967293,0
4294967279,199
4294967279,84
4294967279,85
4294967279,201
4294967279,397
4294967279,305
4294967279,200
4294967279,86
4294967279,87
4294967279,202
4294967279,203
4294967279,435
4294967279,89
4294967279,90
4294967279,204
4294967279,384
4294967279,307
4294967279,91
4294967279,205
4294967279,206
4294967279,342
4294967279,92
4294967279,93
4294967279,207
4294967279,308
4294967279,394
4294967279,94
4294967279,385
4294967279,416
4294967279,209
4294967279,95
4294967279,96
4294967279,210
4294967279,396
4294967279,97
4294967279,310
4294967279,211
4294967279,311
4294967279,212
4294967279,98
4294967279,213
4294967279,99
4294967279,214
4294967279,100
4294967279,312
4294967279,101
4294967279,425
4294967279,215
4294967279,430
4294967279,216
4294967279,102
4294967279,218
4294967279,103
4294967279,395
4294967279,104
4294967279,223
4294967279,220
4294967279,225
4294967279,222
4294967279,105
4294967279,224
4294967279,106
4294967279,107
4294967279,226
4294967279,229
4294967279,108
4294967279,393
4294967279,228
4294967279,233
4294967279,230
4294967279,109
4294967279,232
4294967279,110
4294967279,329
4294967279,111
4294967279,234
4294967279,236
4294967279,237
4294967279,112
4294967279,113
4294967279,114
4294967279,426
4294967279,241
4294967279,398
4294967279,238
4294967279,240
4294967279,242
4294967279,115
4294967279,116
4294967279,117
4294967279,247
4294967279,245
4294967279,399
4294967279,118
4294967279,246
4294967279,248
4294967279,119
4294967279,358
4294967279,120
4294967279,285
4294967279,249
4294967279,403
4294967279,250
4294967279,121
4294967279,251
4294967279,122
4294967279,319
4294967279,123
4294967279,366
4294967279,406
4294967279,124
4294967279,417
4294967279,125
4294967279,316
4294967279,336
4294967279,318
4294967279,126
4294967279,317
4294967279,436
4294967279,127
4294967279,340
4294967279,128
4294967279,339
4294967279,363
4294967279,400
4294967279,320
4294967279,129
4294967279,321
4294967279,130
4294967279,323
4294967279,131
4294967278,366
4294967279,132
4294967278,348
4294967278,309
4294967278,261
4294967278,262
4294967278,4
4294967278,5
4294967278,6
4294967278,311
4294967278,278
4294967278,368
4294967278,324
4294967278,264
4294967278,279
4294967278,7
4294967278,8
4294967278,9
4294967278,330
4294967278,286
4294967278,376
4294967278,265
4294967278,266
4294967278,267
4294967278,10
4294967278,11
4294967278,12
4294967278,268
4294967278,349
4294967278,370
4294967278,13
4294967278,269
4294967278,270
4294967278,14
4294967278,273
4294967278,15
4294967278,357
4294967278,282
4294967278,313
4294967278,16
4294967278,274
4294967278,275
4294967278,530
4294967278,17
4294967278,18
4294967278,287
4294967278,283
4294967278,276
4294967278,19
4294967278,133
4294967278,20
4294967278,134
4294967278,21
4294967278,532
4294967278,22
4294967278,562
4294967278,135
4294967278,136
4294967278,277
4294967278,23
4294967278,24
4294967278,137
4294967278,350
4294967278,25
4294967278,138
4294967278,315
4294967278,515
4294967278,139
4294967278,26
4294967278,140
4294967278,27
4294967278,28
4294967278,355
4294967278,535
4294967278,536
4294967278,141
4294967278,142
4294967278,143
4294967278,29
4294967278,30
4294967278,31
4294967278,566
4294967278,557
4294967278,144
4294967278,342
4294967278,146
4294967278,32
4294967278,145
4294967278,563
4294967278,33
4294967278,34
4294967278,147
4294967278,351
4294967278,537
4294967278,35
4294967278,148
4294967278,149
4294967278,567
4294967278,36
4294967278,37
4294967278,358
4294967278,150
4294967278,243
4294967278,38
4294967278,151
4294967278,152
4294967278,153
4294967278,39
4294967278,40
4294967278,41
4294967278,332
4294967278,326
4294967278,154
4294967278,559
4294967278,42
4294967278,155
4294967278,156
4294967278,323
4294967278,43
4294967278,44
4294967278,157
4294967278,541
4294967278,352
4294967278,45
4294967278,158
4294967278,159
4294967278,46
4294967278,556
4294967278,47
4294967278,160
4294967278,573
4294967278,318
4294967278,48
4294967278,161
4294967278,162
4294967278,49
4294967278,320
4294967278,50
4294967278,163
4294967278,319
4294967278,569
4294967278,51
4294967278,164
4294967278,165
4294967278,356
4294967278,52
4294967278,53
4294967278,166
4294967278,335
4294967278,542
4294967278,54
4294967278,167
4294967278,168
4294967278,561
4294967278,55
4294967278,56
4294967278,169
4294967278,369
4294967278,346
4294967278,57
4294967278,170
4294967278,171
4294967278,327
4294967278,58
4294967278,59
4294967278,172
4294967278,513
4294967278,575
4294967278,60
4294967278,173
4294967278,175
4294967278,544
4294967278,61
4294967279,198
4294967279,359
4294967279,304
4294967279,83
4294967279,81
4294967279,197
4294967279,195
4294967279,434
4294967279,433
4294967279,79
4294967279,78
4294967279,193
4294967279,377
4294967279,383
4294967279,77
4294967279,76
4294967279,191
4294967279,190
4294967279,300
4294967279,386
4294967279,74
4294967279,72
4294967279,188
4294967279,186
4294967279,432
4294967279,298
4294967279,70
4294967279,69
4294967279,183
4294967279,184
4294967279,354
4294967279,182
4294967279,67
4294967279,337
4294967279,180
4294967279,65
4294967279,322
4294967279,179
4294967279,63
4294967279,353
4294967279,177
4294967279,62
4294967279,424
4294967279,61
4294967279,60
4294967279,175
4294967279,173
4294967279,295
4294967279,172
4294967279,58
4294967279,374
4294967279,171
4294967279,56
4294967279,351
4294967279,169
4294967279,54
4294967279,412
4294967279,168
4294967279,53
4294967279,335
4294967279,52
4294967279,373
4294967279,165
4294967279,164
4294967279,49
4294967279,163
4294967279,162
4294967279,47
4294967279,291
4294967279,160
4294967279,46
4294967279,410
4294967279,45
4294967279,44
4294967279,404
4294967279,156
4294967279,158
4294967279,289
4294967279,41
4294967279,40
4294967279,153
4294967279,152
4294967279,39
4294967279,37
4294967279,150
4294967279,149
4294967279,422
4294967279,409
4294967279,35
4294967279,148
4294967279,147
4294967279,387
4294967279,33
4294967279,32
4294967279,31
4294967279,144
4294967279,143
4294967279,346
4294967279,29
4294967279,28
4294967279,141
4294967279,372
4294967279,389
4294967279,27
4294967279,26
4294967279,139
4294967279,137
4294967279,327
4294967279,283
4294967279,24
4294967279,22
4294967279,136
4294967279,133
4294967279,402
4294967279,419
4294967279,20
4294967279,19
4294967279,270
4294967279,378
4294967279,271
4294967279,18
4294967279,17
4294967279,418
4294967279,282
4294967279,279
4294967279,281
4294967279,15
4294967279,13
4294967279,266
4294967279,264
4294967279,415
4294967279,277
4294967279,11
4294967279,10
4294967279,262
4294967279,261
4294967279,365
4294967294,29
4294967294,1423
4294967294,1428
4294967294,36
4294967294,38
4294967294,39
4294967294,41
4294967294,42
4294967294,1565
4294967294,1583
4294967294,115
4294967294,44
4294967294,1537
4294967294,389
4294967294,45
4294967294,393
4294967294,1458
4294967294,1572
4294967294,47
4294967294,48
4294967294,51
4294967294,416
4294967294,1440
4294967294,52
4294967294,1465
4294967294,73
4294967294,74
4294967294,76
4294967294,78
4294967294,79
4294967294,82
4294967294,195
4294967294,192
4294967294,1014
4294967294,995
4294967294,1005
4294967294,83
4294967294,84
4294967294,85
4294967294,87
4294967294,90
4294967294,91
4294967294,97
4294967294,98
4294967294,100
4294967294,102
4294967294,103
4294967294,105
4294967294,106
4294967294,161
4294967294,108
4294967294,109
4294967294,165
4294967294,110
4294967294,112
4294967294,113
4294967294,387
4294967294,117
4294967294,118
4294967294,120
4294967294,473
4294967294,409
4294967294,459
4294967294,462
